positive/1616729407.3401191.jpg 2 410 300 270 395 1306 269 213 433
positive/1616729411.8093245.jpg 2 495 248 327 553 1216 335 177 318
positive/1616729416.2489796.jpg 2 366 311 339 392 1247 323 191 340
positive/1616729421.3602116.jpg 2 605 283 229 334 0 287 219 372
positive/1616729426.739042.jpg 1 336 217 668 433
positive/1616729433.929136.jpg 2 602 203 228 434 345 289 169 229
positive/1616729438.8269684.jpg 2 471 300 210 244 941 296 158 198
positive/1616729441.6939707.jpg 2 719 283 141 258 1225 293 200 245
positive/1616729445.296483.jpg 2 598 276 213 278 15 282 260 271
positive/1616729451.221661.jpg 2 79 239 462 461 1221 245 305 445
positive/1616729471.3078198.jpg 1 677 312 140 209
positive/1616729476.1288183.jpg 1 657 327 175 228
positive/1616729479.751918.jpg 3 676 336 154 223 1116 391 54 105 1173 397 47 98
positive/1616729485.534915.jpg 2 607 242 204 285 1007 289 131 194
positive/1616729488.675828.jpg 2 588 270 220 316 13 331 83 153
positive/1616729491.8404832.jpg 1 603 206 238 420
positive/1616729496.457112.jpg 1 648 263 183 275
positive/1616729500.3756618.jpg 2 463 304 166 192 860 294 152 185
positive/1616729503.6047266.jpg 2 571 329 126 135 825 327 87 137
positive/1616729506.7489948.jpg 3 618 346 81 93 799 342 81 95 80 343 74 104
positive/1616729514.3175397.jpg 2 370 377 198 189 869 291 61 86
positive/1616729519.856665.jpg 2 532 398 168 211 419 319 99 114
positive/1616729524.5006912.jpg 3 678 355 91 106 145 314 157 194 1207 356 160 200
positive/1616729526.5076935.jpg 1 689 315 136 195
positive/1616729527.2417262.jpg 1 681 330 108 159
positive/1616729536.3557563.jpg 2 0 344 143 186 933 357 116 125
positive/1616729537.033756.jpg 3 667 371 150 237 202 360 125 137 837 373 104 83
positive/1616729545.7624488.jpg 2 687 425 72 119 1059 391 94 113
positive/1616729550.1545985.jpg 4 1138 369 116 137 376 331 66 78 753 311 127 125 690 383 69 70
positive/1616729553.530796.jpg 3 185 271 262 376 721 390 51 72 1155 391 64 86
positive/1616729554.350797.jpg 3 1203 296 211 311 860 397 59 64 421 395 102 84
positive/1616729558.0119033.jpg 2 894 319 130 167 489 359 47 90
positive/1616729558.4099035.jpg 2 824 288 180 181 484 356 53 86
positive/1616729558.6879053.jpg 2 667 234 320 250 482 355 52 96
positive/1616729572.3717673.jpg 1 683 342 146 183
positive/1616729572.6537676.jpg 1 606 336 182 248
positive/1616729572.9277673.jpg 1 385 301 339 352
positive/1616729583.2093937.jpg 2 597 236 192 299 809 320 63 117
positive/1616729583.9394357.jpg 2 582 317 101 138 1112 299 91 207
positive/1616729588.2376277.jpg 1 615 353 120 163
positive/1616729588.6996295.jpg 1 594 316 172 262
positive/1616729589.0416288.jpg 1 543 248 267 375
positive/1616729590.3276296.jpg 1 193 2 612 646
positive/1616729591.1916292.jpg 2 244 297 239 349 18 389 82 138
positive/1616729591.8516293.jpg 1 605 347 114 193
positive/1616729599.1191828.jpg 2 436 283 163 232 845 340 109 94
positive/1616729608.1832523.jpg 1 459 210 344 366
positive/1616729611.1767633.jpg 1 451 255 367 379
positive/1616729614.201415.jpg 1 514 332 301 329
positive/1616729620.8165054.jpg 1 470 272 295 388
positive/1616729688.9671435.jpg 1 916 434 78 49
positive/1616729694.4429688.jpg 3 492 347 91 101 965 395 148 98 1072 335 55 52
positive/1616729695.6709685.jpg 1 462 366 112 134
positive/1616729696.8709674.jpg 1 411 405 146 194
positive/1616729697.3639674.jpg 2 292 365 277 286 886 378 130 97
positive/1616729697.7869678.jpg 2 69 55 618 604 818 358 102 106
positive/1616729700.5165944.jpg 2 10 202 293 390 991 333 52 58
positive/1616729701.0591092.jpg 1 298 398 166 206
positive/1616729702.6301103.jpg 3 724 355 92 102 857 325 78 97 445 350 87 94
positive/1616729717.2528026.jpg 2 495 250 223 292 1086 211 369 326
positive/1616729717.7708437.jpg 2 513 259 210 272 1095 204 356 346
positive/1616729718.2239027.jpg 2 524 266 194 259 1116 224 303 338
positive/1616729721.4178536.jpg 2 278 238 233 321 812 268 129 204
positive/1616729724.766465.jpg 1 171 224 271 469
positive/1616729729.3529546.jpg 2 123 30 343 377 1000 1 433 414
positive/1616729794.7454417.jpg 1 718 298 152 212
positive/1616729797.1279595.jpg 1 708 314 121 158
positive/1616729798.3324997.jpg 1 609 247 250 304
positive/1616729857.8184075.jpg 1 444 418 101 135
positive/1616729858.6634998.jpg 1 701 398 82 106
positive/1616729859.9213367.jpg 1 850 381 75 77
positive/1616729969.18517.jpg 2 622 342 96 141 392 346 110 124
positive/1616729972.908704.jpg 2 150 258 297 372 861 302 177 165
positive/1616729975.608331.jpg 1 390 177 210 337
positive/1616730015.2601814.jpg 1 657 326 90 114
positive/1616730017.452185.jpg 1 623 302 102 154
positive/1616730019.1367059.jpg 1 591 299 126 174
positive/1616730021.0282397.jpg 1 592 276 150 223
positive/1616730024.5119371.jpg 1 481 279 237 316
positive/1616730026.154981.jpg 1 361 225 326 423
positive/1616730027.800061.jpg 1 416 162 390 583
positive/1616730029.5560534.jpg 1 692 74 497 416
positive/1616730036.6330545.jpg 1 584 365 186 296
positive/1616730047.3476696.jpg 1 581 310 201 257
positive/1616730051.3716695.jpg 1 609 308 142 165
positive/1616730051.9256709.jpg 1 630 273 196 282
positive/1616730052.4006703.jpg 1 835 220 297 247
positive/1616730053.9377074.jpg 1 1066 308 140 109
positive/1616730055.4657035.jpg 1 95 301 147 176
positive/1616730056.158703.jpg 1 793 273 242 201
positive/1616730056.9266417.jpg 1 694 301 118 172
positive/1616730057.8401623.jpg 1 587 337 87 117
positive/1616730058.6570153.jpg 2 154 314 115 157 581 332 76 123
positive/1616730064.7721817.jpg 1 447 286 153 189
positive/1616730065.4131825.jpg 1 508 218 247 325
positive/1616730245.9734948.jpg 2 812 294 78 108 918 270 80 113
positive/1616730251.6270287.jpg 2 933 379 55 57 573 376 62 66
positive/1616730275.2370965.jpg 1 670 284 161 211
positive/1616730282.7850888.jpg 1 542 265 141 193
